A :  
  long :  5.740436
	lat:45.175916  
	alt: 211
	rssi:	 
	x = 1658025.189
	y = 5109329.399
	z = 211.000
B: 
	long : 5.75364
	lat : 45.180175
	alt : 193
	rssi:	 
	x = 1658973.620
	y = 5109995.774
	z = 193.000
	
c:
	long:   5.731000
  lat :  45.192610
	rssi:	 
	x = 1658025.189
	y = 5109329.399
	z = 211.000
	
TX:
	long :5.738035
  lat :45.184128
	rssi:	 
	x = 1657666.545
	y = 5110205.838
	z = 211.000
	